15
1.000 0.685 0.319 1.000
0.164 0.000 0.416 1.000
0.176 0.000 0.796 1.000
0.000 0.663 0.308 0.000
0.082 0.000 1.000 0.881
0.804 0.000 1.000 0.609
0.455 0.000 0.817 1.000
1.000 0.487 0.818 1.000
1.000 0.642 0.925 1.000
0.900 0.000 1.000 0.193
0.000 0.684 0.868 0.000
0.000 0.332 0.042 1.000
0.000 0.759 1.000 0.208
0.000 0.155 0.861 1.000
0.747 0.000 1.000 0.933
66
0.609 0.227 0.281 0.936
0.609 0.227 0.329 0.650
0.609 0.227 0.809 0.458
0.609 0.227 0.776 0.775
0.609 0.227 0.095 0.898
0.609 0.227 0.027 0.027
0.609 0.227 0.013 0.225
0.609 0.227 0.188 0.970
0.609 0.227 0.058 0.481
0.609 0.227 0.948 0.331
0.609 0.227 0.978 0.390
0.281 0.936 0.329 0.650
0.281 0.936 0.809 0.458
0.281 0.936 0.776 0.775
0.281 0.936 0.095 0.898
0.281 0.936 0.027 0.027
0.281 0.936 0.013 0.225
0.281 0.936 0.188 0.970
0.281 0.936 0.058 0.481
0.281 0.936 0.948 0.331
0.281 0.936 0.978 0.390
0.329 0.650 0.809 0.458
0.329 0.650 0.776 0.775
0.329 0.650 0.095 0.898
0.329 0.650 0.027 0.027
0.329 0.650 0.013 0.225
0.329 0.650 0.188 0.970
0.329 0.650 0.058 0.481
0.329 0.650 0.948 0.331
0.329 0.650 0.978 0.390
0.809 0.458 0.776 0.775
0.809 0.458 0.095 0.898
0.809 0.458 0.027 0.027
0.809 0.458 0.013 0.225
0.809 0.458 0.188 0.970
0.809 0.458 0.058 0.481
0.809 0.458 0.948 0.331
0.809 0.458 0.978 0.390
0.776 0.775 0.095 0.898
0.776 0.775 0.027 0.027
0.776 0.775 0.013 0.225
0.776 0.775 0.188 0.970
0.776 0.775 0.058 0.481
0.776 0.775 0.948 0.331
0.776 0.775 0.978 0.390
0.095 0.898 0.027 0.027
0.095 0.898 0.013 0.225
0.095 0.898 0.188 0.970
0.095 0.898 0.058 0.481
0.095 0.898 0.948 0.331
0.095 0.898 0.978 0.390
0.027 0.027 0.013 0.225
0.027 0.027 0.188 0.970
0.027 0.027 0.058 0.481
0.027 0.027 0.948 0.331
0.027 0.027 0.978 0.390
0.013 0.225 0.188 0.970
0.013 0.225 0.058 0.481
0.013 0.225 0.948 0.331
0.013 0.225 0.978 0.390
0.188 0.970 0.058 0.481
0.188 0.970 0.948 0.331
0.188 0.970 0.978 0.390
0.058 0.481 0.948 0.331
0.058 0.481 0.978 0.390
0.948 0.331 0.978 0.390